#the number of patterns to be recognized
10

#marker 0
Data/multi/patt.a
40.0
0.0 0.0
1.0000 0.0000 0.0000 35.0000
0.0000 1.0000 0.0000 -10.0000
0.0000 0.0000 1.0000 0.0000

#marker 1
Data/multi/patt.b
40.0
0.0 0.0
1.0000 0.0000 0.0000 135.0000
0.0000 1.0000 0.0000 -10.0000
0.0000 0.0000 1.0000 0.0000

#marker 2
Data/multi/patt.c
40.0
0.0 0.0
1.0000 0.0000 0.0000 235.0000
0.0000 1.0000 0.0000 -10.0000
0.0000 0.0000 1.0000 0.0000

#marker 3
Data/multi/patt.d
40.0
0.0 0.0
1.0000 0.0000 0.0000 35.0000
0.0000 1.0000 0.0000 -110.0000
0.0000 0.0000 1.0000 0.0000

#marker 4
Data/multi/patt.g
40.0
0.0 0.0
1.0000 0.0000 0.0000 135.0000
0.0000 1.0000 0.0000 -110.0000
0.0000 0.0000 1.0000 0.0000

#marker 5
Data/multi/patt.f
40.0
0.0 0.0
1.0000 0.0000 0.0000 235.0000
0.0000 1.0000 0.0000 -110.0000
0.0000 0.0000 1.0000 0.0000

#marker 6
Data/multi/patt.sample1
40.0
0.0 0.0
0.0000  0.0000  1.0000  0.0000
1.0000  0.0000  0.0000  -10.0000
0.0000  1.0000  0.0000  100.0000

#marker 7
Data/multi/patt.hiro
40.0
0.0 0.0
0.0000  0.0000  1.0000  0.0000
1.0000  0.0000  0.0000  -110.0000
0.0000  1.0000  0.0000  100.0000

#marker 8
Data/multi/patt.sample2
40.0
0.0 0.0
0.0000  0.0000  -1.0000 275.0000
1.0000  0.0000  0.0000  -10.0000
0.0000 -1.0000  0.0000  100.0000

#marker 9
Data/multi/patt.kanji
40.0
0.0 0.0
0.0000  0.0000  -1.0000 275.0000
1.0000  0.0000  0.0000  -110.0000
0.0000 -1.0000  0.0000  100.0000
